53 69 67 6e 4f 6e 20 31 30 2e 32 20 28 4f 53 20 61 32 34 30 43 6c 73 74 72 4c 66 73 53 70 2d 39 2e 31 31 29 00 00 00 00 00 00 00 00 00 00 00 00 00 00 00 00 00 00 00 00 00 00 00 00 00 00 00 00 00 00 00 00 00 00 00 00 00 00 00 00 00 00 00 00
20 20 20 20 20 20 20 20 20 20 20 20 20 20 20 20 20 20 20 20 20 20 20 20 20 20 20 20 20 20 20 20 20 20 20 20 20 20 20 20 20 20 20 20 20 20 20 20 20 20 20 20 20 20 20 20 57 65 64 20 53 65 70 20 31 38 2c 20 31 39 38 35 20 33 3a 30 31 20 50 4d
d8 d8 d8 d8 d8 d8 d8 d8 d8 d8 d8 d8 d8 d8 d8 d8 d8 d8 d8 d8 d8 d8 d8 d8 d8 d8 d8 d8 d8 d8 d8 d8 d8 d8 d8 d8 d8 d8 d8 d8 d8 d8 d8 d8 d8 d8 d8 d8 d8 d8 d8 d8 d8 d8 d8 d8 d8 d8 d8 d8 d8 d8 d8 d8 d8 d8 d8 d8 d8 d8 d8 d8 d8 d8 d8 d8 d8 d8 d8 d8
20 20 20 20 20 20 20 20 20 20 20 20 c6 20 20 20 20 20 52 65 6c 65 61 73 65 20 4e 6f 74 69 63 65 20 66 6f 72 20 53 74 61 6e 64 61 72 64 20 53 6f 66 74 77 61 72 65 20 31 30 2e 30 20 20 20 20 20 20 c6 20 00 00 00 00 00 00 00 00 00 00 00 00 00
20 20 20 20 20 20 20 20 20 20 20 20 c6 20 20 20 20 20 20 20 20 20 20 20 66 6f 72 20 69 6e 73 74 61 6c 6c 61 74 69 6f 6e 20 69 6e 73 74 72 75 63 74 69 6f 6e 73 2e 20 20 20 20 20 20 20 20 20 20 20 c6 20 00 00 00 00 00 00 00 00 00 00 00 00 00
20 20 20 20 20 20 20 20 20 20 20 20 c6 20 20 20 20 20 20 20 20 20 20 20 20 20 20 20 20 20 20 20 20 20 20 20 20 20 20 20 20 20 20 20 20 20 20 20 20 20 20 20 20 20 20 20 20 20 20 20 20 20 20 20 20 c6 20 00 00 00 00 00 00 00 00 00 00 00 00 00
20 20 20 20 20 20 20 20 20 20 20 20 c6 20 20 20 20 20 20 31 29 20 20 45 6e 74 65 72 20 61 20 75 73 65 72 20 6e 61 6d 65 3a 20 20 20 20 20 20 20 20 20 20 20 20 20 20 20 20 20 20 20 20 20 20 20 20 c6 20 00 00 00 00 00 00 00 00 00 00 00 00 00
20 20 20 20 20 20 20 20 20 20 20 20 c6 20 20 20 20 20 20 20 20 20 20 49 6e 69 74 20 74 6f 20 69 6e 69 74 69 61 6c 69 7a 65 20 79 6f 75 72 20 68 61 72 64 20 64 69 73 6b 2c 20 20 20 20 20 20 20 20 c6 20 00 00 00 00 00 00 00 00 00 00 00 00 00
20 20 20 20 20 20 20 20 20 20 20 20 c6 20 20 20 20 20 20 20 20 20 20 55 70 64 61 74 65 20 74 6f 20 75 70 64 61 74 65 20 79 6f 75 72 20 68 61 72 64 20 64 69 73 6b 2c 20 6f 72 20 20 20 20 20 20 20 c6 20 00 00 00 00 00 00 00 00 00 00 00 00 00
20 20 20 20 20 20 20 20 20 20 20 20 c6 20 20 20 20 20 20 20 20 20 20 52 65 6d 6f 74 65 20 74 6f 20 75 70 64 61 74 65 20 79 6f 75 72 20 4d 61 73 74 65 72 2e 20 20 20 20 20 20 20 20 20 20 20 20 20 c6 20 00 00 00 00 00 00 00 00 00 00 00 00 00
20 20 20 20 20 20 20 20 20 20 20 20 c6 20 20 20 20 20 20 32 29 20 20 45 6e 74 65 72 20 61 20 70 61 73 73 77 6f 72 64 20 66 6f 72 20 74 68 65 20 64 69 73 6b 2c 20 69 66 20 61 6e 79 2e 20 20 20 20 c6 20 00 00 00 00 00 00 00 00 00 00 00 00 00
20 20 20 20 20 20 20 20 20 20 20 20 c6 20 20 20 20 20 20 33 29 20 20 46 69 6c 6c 20 69 6e 20 74 68 65 20 64 61 74 65 20 61 6e 64 20 74 69 6d 65 2c 20 61 6e 64 20 70 72 65 73 73 20 47 4f 2e 20 20 c6 20 00 00 00 00 00 00 00 00 00 00 00 00 00
20 20 20 20 20 20 20 20 20 20 20 20 e9 ce ce ce ce ce ce ce ce ce ce ce ce ce ce ce ce ce ce ce ce ce ce ce ce ce ce ce ce ce ce ce ce ce ce ce ce ce ce ce ce ce ce ce ce ce ce ce ce ce ce ce ce ea 20 00 00 00 00 00 00 00 00 00 00 00 00 00
49 4e 49 54 49 41 4c 49 5a 41 54 49 4f 4e 20 45 52 52 4f 52 20 53 54 41 54 55 53 00 31 30 38 30 48 00 00 00 00 00 00 00 00 00 00 00 00 00 00 00 00 00 00 00 00 00 00 00 00 00 00 00 00 00 00 00 00 00 00 00 00 00 00 00 00 00 00 00 00 00 00 20
20 00 00 00 00 00 00 00 00 00 00 00 00 00 00 00 00 00 00 00 00 00 00 00 00 00 00 00 00 00 00 00 00 00 00 00 00 00 00 00 00 00 00 00 00 00 00 00 00 00 00 00 00 00 00 00 00 00 00 00 00 00 00 00 00 00 00 00 00 00 00 00 00 00 00 00 00 00 00 00
20 00 00 00 00 00 00 00 00 00 00 00 00 00 00 00 00 00 00 00 00 00 00 00 00 00 00 00 00 00 00 00 00 00 00 00 00 00 00 00 00 00 00 00 00 00 00 00 00 00 00 00 00 00 00 00 00 00 00 00 00 00 00 00 00 00 00 00 00 00 00 00 00 00 00 00 00 00 00 00
55 73 65 72 20 6e 61 6d 65 20 28 65 2e 67 2e 2c 20 41 6c 6c 65 6e 29 00 00 00 00 00 00 00 00 00 00 00 00 00 00 00 00 00 00 00 00 00 00 00 00 00 00 00 00 00 00 00 00 00 00 00 00 00 00 00 00 00 00 00 00 00 00 00 00 00 00 00 00 00 00 00 00 00
50 61 73 73 77 6f 72 64 00 00 00 00 00 00 00 00 00 00 00 00 00 00 00 00 00 00 00 00 00 00 00 00 00 00 00 00 00 00 00 00 00 00 20 20 20 20 20 20 20 20 20 20 20 20 00 00 00 00 00 00 00 00 00 00 00 00 00 00 00 00 00 00 00 00 00 00 00 00 00 00
44 61 74 65 2f 54 69 6d 65 20 28 65 2e 67 2e 2c 20 46 72 69 20 53 65 70 20 39 2c 20 31 39 38 33 20 38 3a 30 30 20 61 6d 29 00 00 00 00 00 00 00 00 00 00 00 00 00 00 00 00 00 00 00 00 00 00 00 00 00 00 00 00 00 00 00 00 00 00 00 00 00 00 00
00 00 00 00 00 00 00 00 00 00 00 00 00 00 00 00 00 00 00 00 00 00 00 00 00 00 00 00 00 00 00 00 00 00 00 00 00 00 00 00 00 00 00 00 00 00 00 00 00 00 00 00 00 00 00 00 00 00 00 00 00 00 00 00 00 00 00 00 00 00 00 00 00 00 00 00 00 00 00 00
00 00 00 00 00 00 00 00 00 00 00 00 00 00 00 00 00 00 00 00 00 00 00 00 00 00 00 00 00 00 00 00 00 00 00 00 00 00 00 00 00 00 00 00 00 00 00 00 00 00 00 00 00 00 00 00 00 00 00 00 00 00 00 00 00 00 00 00 00 00 00 00 00 00 00 00 00 00 00 00
00 00 00 00 00 00 00 00 00 00 00 00 00 00 00 00 00 00 00 00 00 00 00 00 00 00 00 00 00 00 00 00 00 00 00 00 00 00 00 00 00 00 00 00 00 00 00 00 00 00 00 00 00 00 00 00 00 00 00 00 00 00 00 00 00 00 00 00 00 00 00 00 00 00 00 00 00 00 00 00
00 00 00 00 00 00 00 00 00 00 00 00 00 00 00 00 00 00 00 00 00 00 00 00 00 00 00 00 00 00 00 00 00 00 00 00 00 00 00 00 00 00 00 00 00 00 00 00 00 00 00 00 00 00 00 00 00 00 00 00 00 00 00 00 00 00 00 00 00 00 00 00 00 00 00 00 00 00 00 00
00 00 00 00 00 00 00 00 00 00 00 00 00 00 00 00 00 00 00 00 00 00 00 00 00 00 00 00 00 00 00 00 00 00 00 00 00 00 00 00 00 00 00 00 00 00 00 00 00 00 00 00 00 00 00 00 00 00 00 00 00 00 00 00 00 00 00 00 00 00 00 00 00 00 00 00 00 00 00 00
00 00 00 00 00 00 00 00 00 00 00 00 00 00 00 00 00 00 00 00 00 00 00 00 00 00 00 00 00 00 00 00 00 00 00 00 00 00 00 00 00 00 00 00 00 00 00 00 00 00 00 00 00 00 00 00 00 00 00 00 00 00 00 00 00 00 00 00 00 00 00 00 00 00 00 00 00 00 00 00
00 00 00 00 00 00 00 00 00 00 00 00 00 00 00 00 00 00 00 00 00 00 00 00 00 00 00 00 00 00 00 00 00 00 00 00 00 00 00 00 00 00 00 00 00 00 00 00 00 00 00 00 00 00 00 00 00 00 00 00 00 00 00 00 00 00 00 00 00 00 00 00 00 00 00 00 00 00 00 00
00 00 00 00 00 00 00 00 00 00 00 00 00 00 00 00 00 00 00 00 00 00 00 00 00 00 00 00 00 00 00 00 00 00 00 00 00 00 00 00 00 00 00 00 00 00 00 00 00 00 00 00 00 00 00 00 00 00 00 00 00 00 00 00 00 00 00 00 00 00 00 00 00 00 00 00 00 00 00 00
00 00 00 00 00 00 00 00 00 00 00 00 00 00 00 00 00 00 00 00 00 00 00 00 00 00 00 00 00 00 00 00 00 00 00 00 00 00 00 00 00 00 00 00 00 00 00 00 00 00 00 00 00 00 00 00 00 00 00 00 00 00 00 00 00 00 00 00 00 00 00 00 00 00 00 00 00 00 00 00
00 00 00 00 00 00 00 00 00 00 00 00 00 00 00 00 00 00 00 00 00 00 00 00 00 00 00 00 00 00 00 00 00 00 00 00 00 00 00 00 00 00 00 00 00 00 00 00 00 00 00 00 00 00 00 00 00 00 00 00 00 00 00 00 00 00 00 00 00 00 00 00 00 00 00 00 00 00 00 00


Screen with ATT


53 00 69 00 67 00 6e 00 4f 00 6e 00 20 00 31 00 30 00 2e 00 32 00 20 00 28 00 4f 00 53 00 20 00 61 00 32 00 34 00 30 00 43 00 6c 00 73 00 74 00 72 00 4c 00 66 00 73 00 53 00 70 00 2d 00 39 00 2e 00 31 00 31 00 29 00 00 00 00 00 00 00 00 00 00 00 00 00 00 00 00 00 00 00 00 00 00 00 00 00 00 00 00 00 00 00 00 00 00 00 00 00 00 00 00 00 00 00 00 00 00 00 00 00 00 00 00 00 00 00 00 00 00 00 00 00 00 00 00 00 00 00 00 00 00 00 00 00 00 00 00 00 00 00 00 00 00 00 00 00 00 00 00 00
20 00 20 00 20 00 20 00 20 00 20 00 20 00 20 00 20 00 20 00 20 00 20 00 20 00 20 00 20 00 20 00 20 00 20 00 20 00 20 00 20 00 20 00 20 00 20 00 20 00 20 00 20 00 20 00 20 00 20 00 20 00 20 00 20 00 20 00 20 00 20 00 20 00 20 00 20 00 20 00 20 00 20 00 20 00 20 00 20 00 20 00 20 00 20 00 20 00 20 00 20 00 20 00 20 00 20 00 20 00 20 00 57 08 65 08 64 08 20 08 53 08 65 08 70 08 20 08 31 08 38 08 2c 08 20 08 31 08 39 08 38 08 35 08 20 08 33 08 3a 08 30 08 31 08 20 08 50 08 4d 08
d8 08 d8 08 d8 08 d8 08 d8 08 d8 08 d8 08 d8 08 d8 08 d8 08 d8 08 d8 08 d8 08 d8 08 d8 08 d8 08 d8 08 d8 08 d8 08 d8 08 d8 08 d8 08 d8 08 d8 08 d8 08 d8 08 d8 08 d8 08 d8 08 d8 08 d8 08 d8 08 d8 08 d8 08 d8 08 d8 08 d8 08 d8 08 d8 08 d8 08 d8 08 d8 08 d8 08 d8 08 d8 08 d8 08 d8 08 d8 08 d8 08 d8 08 d8 08 d8 08 d8 08 d8 08 d8 08 d8 08 d8 08 d8 08 d8 08 d8 08 d8 08 d8 08 d8 08 d8 08 d8 08 d8 08 d8 08 d8 08 d8 08 d8 08 d8 08 d8 08 d8 08 d8 08 d8 08 d8 08 d8 08 d8 08 d8 08 d8 08
20 08 20 08 20 08 20 08 20 08 20 08 20 08 20 08 20 08 20 08 20 08 20 08 c6 08 20 00 20 00 20 00 20 00 20 00 52 00 65 00 6c 00 65 00 61 00 73 00 65 00 20 00 4e 00 6f 00 74 00 69 00 63 00 65 00 20 00 66 00 6f 00 72 00 20 00 53 00 74 00 61 00 6e 00 64 00 61 00 72 00 64 00 20 00 53 00 6f 00 66 00 74 00 77 00 61 00 72 00 65 00 20 00 31 00 30 00 2e 00 30 00 20 00 20 00 20 00 20 00 20 00 20 00 c6 08 20 00 00 00 00 00 00 00 00 00 00 00 00 00 00 00 00 00 00 00 00 00 00 00 00 00 00 00
20 08 20 08 20 08 20 08 20 08 20 08 20 08 20 08 20 08 20 08 20 08 20 08 c6 08 20 00 20 00 20 00 20 00 20 00 20 00 20 00 20 00 20 00 20 00 20 00 66 00 6f 00 72 00 20 00 69 00 6e 00 73 00 74 00 61 00 6c 00 6c 00 61 00 74 00 69 00 6f 00 6e 00 20 00 69 00 6e 00 73 00 74 00 72 00 75 00 63 00 74 00 69 00 6f 00 6e 00 73 00 2e 00 20 00 20 00 20 00 20 00 20 00 20 00 20 00 20 00 20 00 20 00 20 00 c6 08 20 00 00 00 00 00 00 00 00 00 00 00 00 00 00 00 00 00 00 00 00 00 00 00 00 00 00 00
20 08 20 08 20 08 20 08 20 08 20 08 20 08 20 08 20 08 20 08 20 08 20 08 c6 08 20 00 20 00 20 00 20 00 20 00 20 00 20 00 20 00 20 00 20 00 20 00 20 00 20 00 20 00 20 00 20 00 20 00 20 00 20 00 20 00 20 00 20 00 20 00 20 00 20 00 20 00 20 00 20 00 20 00 20 00 20 00 20 00 20 00 20 00 20 00 20 00 20 00 20 00 20 00 20 00 20 00 20 00 20 00 20 00 20 00 20 00 20 00 20 00 20 00 20 00 20 00 20 00 c6 08 20 00 00 00 00 00 00 00 00 00 00 00 00 00 00 00 00 00 00 00 00 00 00 00 00 00 00 00
20 08 20 08 20 08 20 08 20 08 20 08 20 08 20 08 20 08 20 08 20 08 20 08 c6 08 20 00 20 00 20 00 20 00 20 00 20 00 31 00 29 00 20 00 20 00 45 00 6e 00 74 00 65 00 72 00 20 00 61 00 20 00 75 00 73 00 65 00 72 00 20 00 6e 00 61 00 6d 00 65 00 3a 00 20 00 20 00 20 00 20 00 20 00 20 00 20 00 20 00 20 00 20 00 20 00 20 00 20 00 20 00 20 00 20 00 20 00 20 00 20 00 20 00 20 00 20 00 20 00 20 00 c6 08 20 00 00 00 00 00 00 00 00 00 00 00 00 00 00 00 00 00 00 00 00 00 00 00 00 00 00 00
20 08 20 08 20 08 20 08 20 08 20 08 20 08 20 08 20 08 20 08 20 08 20 08 c6 08 20 00 20 00 20 00 20 00 20 00 20 00 20 00 20 00 20 00 20 00 49 01 6e 01 69 01 74 01 20 00 74 00 6f 00 20 00 69 00 6e 00 69 00 74 00 69 00 61 00 6c 00 69 00 7a 00 65 00 20 00 79 00 6f 00 75 00 72 00 20 00 68 00 61 00 72 00 64 00 20 00 64 00 69 00 73 00 6b 00 2c 00 20 00 20 00 20 00 20 00 20 00 20 00 20 00 20 00 c6 08 20 00 00 00 00 00 00 00 00 00 00 00 00 00 00 00 00 00 00 00 00 00 00 00 00 00 00 00
20 08 20 08 20 08 20 08 20 08 20 08 20 08 20 08 20 08 20 08 20 08 20 08 c6 08 20 00 20 00 20 00 20 00 20 00 20 00 20 00 20 00 20 00 20 00 55 01 70 01 64 01 61 01 74 01 65 01 20 00 74 00 6f 00 20 00 75 00 70 00 64 00 61 00 74 00 65 00 20 00 79 00 6f 00 75 00 72 00 20 00 68 00 61 00 72 00 64 00 20 00 64 00 69 00 73 00 6b 00 2c 00 20 00 6f 00 72 00 20 00 20 00 20 00 20 00 20 00 20 00 20 00 c6 08 20 00 00 00 00 00 00 00 00 00 00 00 00 00 00 00 00 00 00 00 00 00 00 00 00 00 00 00
20 08 20 08 20 08 20 08 20 08 20 08 20 08 20 08 20 08 20 08 20 08 20 08 c6 08 20 00 20 00 20 00 20 00 20 00 20 00 20 00 20 00 20 00 20 00 52 01 65 01 6d 01 6f 01 74 01 65 01 20 00 74 00 6f 00 20 00 75 00 70 00 64 00 61 00 74 00 65 00 20 00 79 00 6f 00 75 00 72 00 20 00 4d 00 61 00 73 00 74 00 65 00 72 00 2e 00 20 00 20 00 20 00 20 00 20 00 20 00 20 00 20 00 20 00 20 00 20 00 20 00 20 00 c6 08 20 00 00 00 00 00 00 00 00 00 00 00 00 00 00 00 00 00 00 00 00 00 00 00 00 00 00 00
20 08 20 08 20 08 20 08 20 08 20 08 20 08 20 08 20 08 20 08 20 08 20 08 c6 08 20 00 20 00 20 00 20 00 20 00 20 00 32 00 29 00 20 00 20 00 45 00 6e 00 74 00 65 00 72 00 20 00 61 00 20 00 70 00 61 00 73 00 73 00 77 00 6f 00 72 00 64 00 20 00 66 00 6f 00 72 00 20 00 74 00 68 00 65 00 20 00 64 00 69 00 73 00 6b 00 2c 00 20 00 69 00 66 00 20 00 61 00 6e 00 79 00 2e 00 20 00 20 00 20 00 20 00 c6 08 20 00 00 00 00 00 00 00 00 00 00 00 00 00 00 00 00 00 00 00 00 00 00 00 00 00 00 00
20 08 20 08 20 08 20 08 20 08 20 08 20 08 20 08 20 08 20 08 20 08 20 08 c6 08 20 00 20 00 20 00 20 00 20 00 20 00 33 00 29 00 20 00 20 00 46 00 69 00 6c 00 6c 00 20 00 69 00 6e 00 20 00 74 00 68 00 65 00 20 00 64 00 61 00 74 00 65 00 20 00 61 00 6e 00 64 00 20 00 74 00 69 00 6d 00 65 00 2c 00 20 00 61 00 6e 00 64 00 20 00 70 00 72 00 65 00 73 00 73 00 20 00 47 00 4f 00 2e 00 20 00 20 00 c6 08 20 00 00 00 00 00 00 00 00 00 00 00 00 00 00 00 00 00 00 00 00 00 00 00 00 00 00 00
20 08 20 08 20 08 20 08 20 08 20 08 20 08 20 08 20 08 20 08 20 08 20 08 e9 08 ce 08 ce 08 ce 08 ce 08 ce 08 ce 08 ce 08 ce 08 ce 08 ce 08 ce 08 ce 08 ce 08 ce 08 ce 08 ce 08 ce 08 ce 08 ce 08 ce 08 ce 08 ce 08 ce 08 ce 08 ce 08 ce 08 ce 08 ce 08 ce 08 ce 08 ce 08 ce 08 ce 08 ce 08 ce 08 ce 08 ce 08 ce 08 ce 08 ce 08 ce 08 ce 08 ce 08 ce 08 ce 08 ce 08 ce 08 ce 08 ce 08 ce 08 ce 08 ce 08 ea 08 20 00 00 00 00 00 00 00 00 00 00 00 00 00 00 00 00 00 00 00 00 00 00 00 00 00 00 00
49 00 4e 00 49 00 54 00 49 00 41 00 4c 00 49 00 5a 00 41 00 54 00 49 00 4f 00 4e 00 20 00 45 00 52 00 52 00 4f 00 52 00 20 00 53 00 54 00 41 00 54 00 55 00 53 00 00 00 31 00 30 00 38 00 30 00 48 00 00 00 00 00 00 00 00 00 00 00 00 00 00 00 00 00 00 00 00 00 00 00 00 00 00 00 00 00 00 00 00 00 00 00 00 00 00 00 00 00 00 00 00 00 00 00 00 00 00 00 00 00 00 00 00 00 00 00 00 00 00 00 00 00 00 00 00 00 00 00 00 00 00 00 00 00 00 00 00 00 00 00 00 00 00 00 00 00 00 00 00 00 20 00
20 00 00 00 00 00 00 00 00 00 00 00 00 00 00 00 00 00 00 00 00 00 00 00 00 00 00 00 00 00 00 00 00 00 00 00 00 00 00 00 00 00 00 00 00 00 00 00 00 00 00 00 00 00 00 00 00 00 00 00 00 00 00 00 00 00 00 00 00 00 00 00 00 00 00 00 00 00 00 00 00 00 00 00 00 00 00 00 00 00 00 00 00 00 00 00 00 00 00 00 00 00 00 00 00 00 00 00 00 00 00 00 00 00 00 00 00 00 00 00 00 00 00 00 00 00 00 00 00 00 00 00 00 00 00 00 00 00 00 00 00 00 00 00 00 00 00 00 00 00 00 00 00 00 00 00 00 00 00 00
20 00 00 00 00 00 00 00 00 00 00 00 00 00 00 00 00 00 00 00 00 00 00 00 00 00 00 00 00 00 00 00 00 00 00 00 00 00 00 00 00 00 00 00 00 00 00 00 00 00 00 00 00 00 00 00 00 00 00 00 00 00 00 00 00 00 00 00 00 00 00 00 00 00 00 00 00 00 00 00 00 00 00 00 00 00 00 00 00 00 00 00 00 00 00 00 00 00 00 00 00 00 00 00 00 00 00 00 00 00 00 00 00 00 00 00 00 00 00 00 00 00 00 00 00 00 00 00 00 00 00 00 00 00 00 00 00 00 00 00 00 00 00 00 00 00 00 00 00 00 00 00 00 00 00 00 00 00 00 00
55 04 73 04 65 04 72 04 20 04 6e 04 61 04 6d 04 65 04 20 04 28 04 65 04 2e 04 67 04 2e 04 2c 04 20 04 41 04 6c 04 6c 04 65 04 6e 04 29 04 00 04 00 04 00 04 00 04 00 04 00 04 00 04 00 04 00 04 00 04 00 04 00 04 00 04 00 04 00 04 00 04 00 04 00 04 00 00 00 0c 00 0c 00 0c 00 0c 00 0c 00 0c 00 0c 00 0c 00 0c 00 0c 00 0c 00 0c 00 0c 00 0c 00 0c 00 0c 00 0c 00 0c 00 0c 00 0c 00 0c 00 0c 00 0c 00 0c 00 0c 00 0c 00 0c 00 0c 00 0c 00 0c 00 00 00 00 00 00 00 00 00 00 00 00 00 00 00 00
50 00 61 00 73 00 73 00 77 00 6f 00 72 00 64 00 00 00 00 00 00 00 00 00 00 00 00 00 00 00 00 00 00 00 00 00 00 00 00 00 00 00 00 00 00 00 00 00 00 00 00 00 00 00 00 00 00 00 00 00 00 00 00 00 00 00 00 00 00 00 00 00 00 00 00 00 00 00 00 00 00 00 00 00 20 00 20 00 20 00 20 00 20 00 20 00 20 00 20 00 20 00 20 00 20 00 20 00 00 00 00 00 00 00 00 00 00 00 00 00 00 00 00 00 00 00 00 00 00 00 00 00 00 00 00 00 00 00 00 00 00 00 00 00 00 00 00 00 00 00 00 00 00 00 00 00 00 00 00 00
44 00 61 00 74 00 65 00 2f 00 54 00 69 00 6d 00 65 00 20 00 28 00 65 00 2e 00 67 00 2e 00 2c 00 20 00 46 00 72 00 69 00 20 00 53 00 65 00 70 00 20 00 39 00 2c 00 20 00 31 00 39 00 38 00 33 00 20 00 38 00 3a 00 30 00 30 00 20 00 61 00 6d 00 29 00 00 00 00 00 00 00 00 00 00 00 00 00 00 00 00 00 00 00 00 00 00 00 00 00 00 00 00 00 00 00 00 00 00 00 00 00 00 00 00 00 00 00 00 00 00 00 00 00 00 00 00 00 00 00 00 00 00 00 00 00 00 00 00 00 00 00 00 00 00 00 00 00 00 00 00 00 00 00
00 00 00 00 00 00 00 00 00 00 00 00 00 00 00 00 00 00 00 00 00 00 00 00 00 00 00 00 00 00 00 00 00 00 00 00 00 00 00 00 00 00 00 00 00 00 00 00 00 00 00 00 00 00 00 00 00 00 00 00 00 00 00 00 00 00 00 00 00 00 00 00 00 00 00 00 00 00 00 00 00 00 00 00 00 00 00 00 00 00 00 00 00 00 00 00 00 00 00 00 00 00 00 00 00 00 00 00 00 00 00 00 00 00 00 00 00 00 00 00 00 00 00 00 00 00 00 00 00 00 00 00 00 00 00 00 00 00 00 00 00 00 00 00 00 00 00 00 00 00 00 00 00 00 00 00 00 00 00 00
00 00 00 00 00 00 00 00 00 00 00 00 00 00 00 00 00 00 00 00 00 00 00 00 00 00 00 00 00 00 00 00 00 00 00 00 00 00 00 00 00 00 00 00 00 00 00 00 00 00 00 00 00 00 00 00 00 00 00 00 00 00 00 00 00 00 00 00 00 00 00 00 00 00 00 00 00 00 00 00 00 00 00 00 00 00 00 00 00 00 00 00 00 00 00 00 00 00 00 00 00 00 00 00 00 00 00 00 00 00 00 00 00 00 00 00 00 00 00 00 00 00 00 00 00 00 00 00 00 00 00 00 00 00 00 00 00 00 00 00 00 00 00 00 00 00 00 00 00 00 00 00 00 00 00 00 00 00 00 00
00 00 00 00 00 00 00 00 00 00 00 00 00 00 00 00 00 00 00 00 00 00 00 00 00 00 00 00 00 00 00 00 00 00 00 00 00 00 00 00 00 00 00 00 00 00 00 00 00 00 00 00 00 00 00 00 00 00 00 00 00 00 00 00 00 00 00 00 00 00 00 00 00 00 00 00 00 00 00 00 00 00 00 00 00 00 00 00 00 00 00 00 00 00 00 00 00 00 00 00 00 00 00 00 00 00 00 00 00 00 00 00 00 00 00 00 00 00 00 00 00 00 00 00 00 00 00 00 00 00 00 00 00 00 00 00 00 00 00 00 00 00 00 00 00 00 00 00 00 00 00 00 00 00 00 00 00 00 00 00
00 00 00 00 00 00 00 00 00 00 00 00 00 00 00 00 00 00 00 00 00 00 00 00 00 00 00 00 00 00 00 00 00 00 00 00 00 00 00 00 00 00 00 00 00 00 00 00 00 00 00 00 00 00 00 00 00 00 00 00 00 00 00 00 00 00 00 00 00 00 00 00 00 00 00 00 00 00 00 00 00 00 00 00 00 00 00 00 00 00 00 00 00 00 00 00 00 00 00 00 00 00 00 00 00 00 00 00 00 00 00 00 00 00 00 00 00 00 00 00 00 00 00 00 00 00 00 00 00 00 00 00 00 00 00 00 00 00 00 00 00 00 00 00 00 00 00 00 00 00 00 00 00 00 00 00 00 00 00 00
00 00 00 00 00 00 00 00 00 00 00 00 00 00 00 00 00 00 00 00 00 00 00 00 00 00 00 00 00 00 00 00 00 00 00 00 00 00 00 00 00 00 00 00 00 00 00 00 00 00 00 00 00 00 00 00 00 00 00 00 00 00 00 00 00 00 00 00 00 00 00 00 00 00 00 00 00 00 00 00 00 00 00 00 00 00 00 00 00 00 00 00 00 00 00 00 00 00 00 00 00 00 00 00 00 00 00 00 00 00 00 00 00 00 00 00 00 00 00 00 00 00 00 00 00 00 00 00 00 00 00 00 00 00 00 00 00 00 00 00 00 00 00 00 00 00 00 00 00 00 00 00 00 00 00 00 00 00 00 00
00 00 00 00 00 00 00 00 00 00 00 00 00 00 00 00 00 00 00 00 00 00 00 00 00 00 00 00 00 00 00 00 00 00 00 00 00 00 00 00 00 00 00 00 00 00 00 00 00 00 00 00 00 00 00 00 00 00 00 00 00 00 00 00 00 00 00 00 00 00 00 00 00 00 00 00 00 00 00 00 00 00 00 00 00 00 00 00 00 00 00 00 00 00 00 00 00 00 00 00 00 00 00 00 00 00 00 00 00 00 00 00 00 00 00 00 00 00 00 00 00 00 00 00 00 00 00 00 00 00 00 00 00 00 00 00 00 00 00 00 00 00 00 00 00 00 00 00 00 00 00 00 00 00 00 00 00 00 00 00
00 00 00 00 00 00 00 00 00 00 00 00 00 00 00 00 00 00 00 00 00 00 00 00 00 00 00 00 00 00 00 00 00 00 00 00 00 00 00 00 00 00 00 00 00 00 00 00 00 00 00 00 00 00 00 00 00 00 00 00 00 00 00 00 00 00 00 00 00 00 00 00 00 00 00 00 00 00 00 00 00 00 00 00 00 00 00 00 00 00 00 00 00 00 00 00 00 00 00 00 00 00 00 00 00 00 00 00 00 00 00 00 00 00 00 00 00 00 00 00 00 00 00 00 00 00 00 00 00 00 00 00 00 00 00 00 00 00 00 00 00 00 00 00 00 00 00 00 00 00 00 00 00 00 00 00 00 00 00 00
00 00 00 00 00 00 00 00 00 00 00 00 00 00 00 00 00 00 00 00 00 00 00 00 00 00 00 00 00 00 00 00 00 00 00 00 00 00 00 00 00 00 00 00 00 00 00 00 00 00 00 00 00 00 00 00 00 00 00 00 00 00 00 00 00 00 00 00 00 00 00 00 00 00 00 00 00 00 00 00 00 00 00 00 00 00 00 00 00 00 00 00 00 00 00 00 00 00 00 00 00 00 00 00 00 00 00 00 00 00 00 00 00 00 00 00 00 00 00 00 00 00 00 00 00 00 00 00 00 00 00 00 00 00 00 00 00 00 00 00 00 00 00 00 00 00 00 00 00 00 00 00 00 00 00 00 00 00 00 00
00 00 00 00 00 00 00 00 00 00 00 00 00 00 00 00 00 00 00 00 00 00 00 00 00 00 00 00 00 00 00 00 00 00 00 00 00 00 00 00 00 00 00 00 00 00 00 00 00 00 00 00 00 00 00 00 00 00 00 00 00 00 00 00 00 00 00 00 00 00 00 00 00 00 00 00 00 00 00 00 00 00 00 00 00 00 00 00 00 00 00 00 00 00 00 00 00 00 00 00 00 00 00 00 00 00 00 00 00 00 00 00 00 00 00 00 00 00 00 00 00 00 00 00 00 00 00 00 00 00 00 00 00 00 00 00 00 00 00 00 00 00 00 00 00 00 00 00 00 00 00 00 00 00 00 00 00 00 00 00
00 00 00 00 00 00 00 00 00 00 00 00 00 00 00 00 00 00 00 00 00 00 00 00 00 00 00 00 00 00 00 00 00 00 00 00 00 00 00 00 00 00 00 00 00 00 00 00 00 00 00 00 00 00 00 00 00 00 00 00 00 00 00 00 00 00 00 00 00 00 00 00 00 00 00 00 00 00 00 00 00 00 00 00 00 00 00 00 00 00 00 00 00 00 00 00 00 00 00 00 00 00 00 00 00 00 00 00 00 00 00 00 00 00 00 00 00 00 00 00 00 00 00 00 00 00 00 00 00 00 00 00 00 00 00 00 00 00 00 00 00 00 00 00 00 00 00 00 00 00 00 00 00 00 00 00 73 02 73 02